208251401010016
204003401010013
208251401010018
202039301010071
201129715010042
201113501010122
202026705010034
201129702010029
207641901010009
201129707010033
201129702010049
201129704015082
204003401010007
208016803010003
201129707010048
201129704010033
201113501010148
204003401010008
201129721010126
208016813010003
201129721010130
202026708010224
201129704010027
201129707010012
201129701010027
201113501010169
201129721010057
202039301010054
208016803010001
201129707010063
206556701010012
201129705010038
201129701010011
201129704010030
208251401010006
201113501010035
201129705015062
201129719010010
201129721010138
201129721010060
201129705010011
201129721010044
201129705010079
201129702010002
201129721010003
