208251401010018
201129715010042
202026705010034
208251401010019
207641901010009
201129707010033
201129707010002
204003401010007
208016803010003
205062912010039
201129704010033
201113501010148
204003401010008
201129721010126
201129721010090
208016813010003
201113501010154
201129707010012
201113501010066
201129701010027
201129719010007
201129721010057
202039301010054
208016803010001
201129707010063
201129705010038
201129701010011
204105804010005
201129705010015
206946404015068
201129719010010
201129721010138
201129721010060
201129705010011
201129705010079
201129702010002
201129721010003
201129706010014
