204003401010013
208251401010018
201129715010042
202026705010034
207641901010009
201129707010033
204003401010007
208016803010003
201129704010033
204003401010008
201129721010126
201129721010090
208016813010003
201113501010154
201129707010012
201129701010027
201129719010007
201129721010057
202039301010054
208016803010001
201129707010063
201129705010038
201129701010011
208251401010006
201129719010010
201129721010060
201129705010011
201129721010044
201129705010079
201129702010002
201129721010003
201129706010014
