201129701010015 452.26180445072293 1.8755468082067313
201129707010063 8272.899764216505 1.3275706808172136
201129721010126 5906.669478845757 1.1354726133503625
204003401010007 4300.150590389552 1.3404858693255675
208016813010003 463.48454887277364 1.1099072232653806
201129721010057 23304.51640766861 1.4988522263579125
201129721010133 648.5048911674958 0.0
206946402010009 2448.2906985217724 1.3793796010607788
202026705010034 609.9343257318726 0.16983121072373977
201129721010060 711.5373384769625 1.9931972756194927
201129705010011 1222.5530814509273 0.936570075344689
201129705010079 18219.602406034246 1.264306799054688
201129702010002 398.9688381963129 0.6453644090625668
201129721010014 648.6436591635545 1.0610451160949348
203032102010002 435.03011623480916 1.4324606289899275
